39.39711093902588,1540636270.6295125
3.5958900451660156,1540636274.2254026
3.0865988731384277,1540636277.3120015
1.601379156112671,1540636278.9133806
8.0647554397583,1540636286.978136
1.5421311855316162,1540636288.5202672
18.00792670249939,1540636306.528194
5.000126600265503,1540636311.5283206
51.09768080711365,1540636362.6260014
19.45829677581787,1540636382.0842981
26.24920630455017,1540637031.56481
1.7855126857757568,1540637033.3503227
2.257328510284424,1540637035.6076512
3.290935754776001,1540637038.898587
3.66206431388855,1540637042.5606513
0.9428060054779053,1540637043.5034573
1.0499022006988525,1540637044.5533595
1.9790143966674805,1540637046.532374
2.7911276817321777,1540637049.3235016
0.9618971347808838,1540637050.2853987
17.83172059059143,1540686911.4230087
1.6832895278930664,1540686913.1062982
2.10162091255188,1540686915.2079191
4.077941179275513,1540686919.2858603
2.018692970275879,1540686921.3045533
1.4881033897399902,1540686922.7926567
2.7738752365112305,1540686925.566532
3.0781726837158203,1540686928.6447046
3.3986656665802,1540686932.0433702
2.314875364303589,1540686934.3582456
7.128026247024536,1541166442.1021802
4.201930522918701,1541166446.3041108
1.3328485488891602,1541166447.6369593
18.69157886505127,1541166466.3285382
0.9654679298400879,1541166467.294006
0.8943486213684082,1541166468.1883547
3.465763807296753,1541166471.6541185
1.667832374572754,1541166473.321951
1.946699619293213,1541166475.2686505
1.1220386028289795,1541166476.3906891
3.4798808097839355,1541166479.87057
2.387711763381958,1541166482.2582817
1.4708797931671143,1541166483.7291615
0.8470733165740967,1541166484.5762348
0.9242236614227295,1541166485.5004585
2.0954935550689697,1541166487.595952
3.5819778442382812,1541166491.1779299
1.4087371826171875,1541166492.586667
0.8875863552093506,1541166493.4742534
11.669571876525879,1541166505.1438253
3.5286548137664795,1541166508.67248
9.722151041030884,1541166518.3946311
5.632879972457886,1541166524.0275111
1.130462646484375,1541166525.1579738
2.0830187797546387,1541166527.2409925
0.7957184314727783,1541166528.036711
1.6840803623199463,1541166529.7207913
1.83339524269104,1541166531.5541866
1.0010087490081787,1541166532.5551953
1.5542316436767578,1541166534.109427
25.939104557037354,1541166560.0485315
0.6690163612365723,1541166560.717548
1.1416752338409424,1541166561.8592231
1.4172077178955078,1541166563.2764308
1.7825372219085693,1541166565.058968
1.0329368114471436,1541166566.0919049
1.0835249423980713,1541166567.1754298
0.7285459041595459,1541166567.9039757
3.7586681842803955,1541166571.662644
0.834195613861084,1541166572.4968395
6.247287273406982,1541166578.7441268
1.0817711353302002,1541166579.825898
0.6641433238983154,1541166580.4900413
2.101011037826538,1541166582.5910523
1.3946998119354248,1541166583.985752
5.136024713516235,1541166589.1217768
3.2635083198547363,1541166592.3852851
1.0799012184143066,1541166593.4651864
1.3372852802276611,1541166594.8024716
1.1202325820922852,1541166595.9227042
3.399545192718506,1541166599.3222494
1.0631277561187744,1541166600.3853772
4.2369043827056885,1541166604.6222816
1.9300005435943604,1541166606.552282
10.148907661437988,1551461538.5556688
1.5785627365112305,1551461540.1342316
6.658329010009766,1551461546.7925606
1.8600761890411377,1551461548.6526368
3.047543525695801,1551461551.7001803
1.6429970264434814,1551461553.3431773
1.2813994884490967,1551461554.6245768
2.704338788986206,1551461557.3289156
3.0007779598236084,1551461560.3296936
1.6728065013885498,1551461562.0025
2.4069113731384277,1551461564.4094114
2.645721435546875,1551461567.0551329
1.781996250152588,1551461568.837129
10.724695205688477,1551461579.5618243
1.2347042560577393,1551461580.7965286
1.329726219177246,1551461582.1262548
2.578721523284912,1551461584.7049763
1.531808614730835,1551461586.236785
1.7501943111419678,1551461587.9869792
1.3287262916564941,1551461589.3157055
2.5007803440093994,1551461591.816486
1.1099061965942383,1551461592.926392
1.2812013626098633,1551461594.2075934
1.2529661655426025,1551461595.4605596
3.2981889247894287,1551461598.7587485
1.1565823554992676,1551461599.915331
1.2190992832183838,1551461601.1344302
3.3604860305786133,1551461604.4949162
1.3604207038879395,1551461605.855337
1.5160765647888184,1551461607.3714135
2.5476913452148438,1551461609.9191048
1.9380989074707031,1551461611.8572037
1.1876602172851562,1551461613.044864
1.2505457401275635,1551461614.2954097
0.8438448905944824,1551461615.1392546
1.766204595565796,1551461616.9054592
1.063053846359253,1551461617.968513
1.1096010208129883,1551461619.078114
1.0943257808685303,1551461620.1724398
0.9844717979431152,1551461621.1569116
2.406851053237915,1551461623.5637627
2.303821563720703,1551461625.8675842
0.8594708442687988,1551461626.727055
1.0311503410339355,1551461627.7582054
1.2977263927459717,1551461629.0559318
2.391322612762451,1551461631.4472544
1.313129186630249,1551461632.7603836
1.203455924987793,1551461633.9638395
1.375105857849121,1551461635.3389454
1.43804931640625,1551461636.7769947
4.954319715499878,1551461641.7313144
1.422818660736084,1551461643.154133
1.5319225788116455,1551461644.6860557
2.2506237030029297,1551461646.9366794
2.562800645828247,1551461649.49948
4.720202445983887,1551461654.2196825
1.491584300994873,1551461655.7112668
2.8448917865753174,1551461658.5561585
1.4849469661712646,1551461660.0411055
0.9535531997680664,1551461660.9946587
2.8445897102355957,1551461663.8392484
0.7813081741333008,1551461664.6205566
