7.329630374908447,1540636517.3943448
0.9540231227874756,1540636518.348368
0.923607587814331,1540636519.2719755
1.7607841491699219,1540636521.0327597
0.8023900985717773,1540636521.8351498
22.833984375,1540636544.6691341
8.773069858551025,1540636553.442204
4.713198184967041,1540636558.1554022
1.7383553981781006,1540636559.8937576
0.9486517906188965,1540636560.8424094
18.986596822738647,1540687028.903583
0.9293816089630127,1540687029.8329647
1.521738052368164,1540687031.3547027
1.4288175106048584,1540687032.7835202
2.0338406562805176,1540687034.8173609
3.2342336177825928,1540687038.0515945
2.5801188945770264,1540687040.6317134
0.9925224781036377,1540687041.6242359
1.3256487846374512,1540687042.9498847
7.174270153045654,1540687050.1241548
8.808262586593628,1541166968.8316848
6.693104982376099,1541166975.5247898
2.1460866928100586,1541166977.6708765
2.13043475151062,1541166979.8013113
2.2377164363861084,1541166982.0390277
3.5247161388397217,1541166985.5637438
1.1945550441741943,1541166986.7582989
5.564525604248047,1541166992.3228245
1.412881851196289,1541166993.7357063
1.7021687030792236,1541166995.437875
7.05727219581604,1541167002.4951472
0.8271961212158203,1541167003.3223433
2.15921950340271,1541167005.4815629
0.9295895099639893,1541167006.4111524
1.884746789932251,1541167008.2958992
1.4806580543518066,1541167009.7765572
2.72324275970459,1541167012.4998
1.7436795234680176,1541167014.2434795
1.6466877460479736,1541167015.8901672
5.104621410369873,1541167020.9947886
9.719801664352417,1541167030.7145903
3.787395477294922,1541167034.5019858
2.3275978565216064,1541167036.8295836
1.4420554637908936,1541167038.271639
1.1082992553710938,1541167039.3799384
3.4083914756774902,1541167042.7883298
3.581587791442871,1541167046.3699176
7.695166110992432,1541167054.0650837
6.455752849578857,1541167060.5208366
6.864219665527344,1541167067.3850563
5.882004022598267,1541167073.2670603
2.821753740310669,1541167076.088814
1.543816089630127,1541167077.63263
1.8191709518432617,1541167079.451801
5.161456108093262,1541167084.6132572
1.4088292121887207,1541167086.0220864
2.2695086002349854,1541167088.291595
12.039381504058838,1541167100.3309765
2.4887893199920654,1541167102.8197658
8.941484928131104,1541167111.7612507
4.295366525650024,1541167116.0566173
2.2248244285583496,1541167118.2814417
7.537947416305542,1541167125.819389
2.6603236198425293,1541167128.4797127
6.206787824630737,1541167134.6865005
1.8195300102233887,1541167136.5060306
2.3915023803710938,1541167138.897533
9.815854549407959,1541167148.7133875
9.467036247253418,1541167158.1804237
3.2861576080322266,1541167161.4665813
3.5653131008148193,1541167165.0318944
0.9926319122314453,1541167166.0245264
0.9682662487030029,1541167166.9927926
1.7406816482543945,1541167168.7334743
0.8884100914001465,1541167169.6218843
2.3502070903778076,1541167171.9720914
1.198256492614746,1541167173.170348
5.71711540222168,1541167178.8874633
1.204695224761963,1541167180.0921586
1.872892141342163,1541167181.9650507
22.229212045669556,1541270379.8711512
0.7941892147064209,1541270380.6653404
1.8358213901519775,1541270382.5011618
1.2223024368286133,1541270383.7234643
2.1143288612365723,1541270385.837793
0.9325993061065674,1541270386.7703924
0.9258043766021729,1541270387.6961968
1.7669167518615723,1541270389.4631135
10.84630560874939,1541270400.3094192
1.002453088760376,1541270401.3118722
18.92121386528015,1541271868.9211562
6.463451385498047,1541271875.3846076
0.900000810623169,1541271876.2846084
0.7955870628356934,1541271877.0801954
0.6441848278045654,1541271877.7243803
0.844329833984375,1541271878.56871
0.7571773529052734,1541271879.3258874
0.8956871032714844,1541271880.2215745
0.7652499675750732,1541271880.9868245
0.8800978660583496,1541271881.8669224
2.010281801223755,1541271883.8772042
0.670940637588501,1541271884.5481448
2.397064685821533,1541271886.9452095
0.8839776515960693,1541271887.8291872
1.7444350719451904,1541271889.5736222
2.627549409866333,1541271892.2011716
2.439692258834839,1541271894.640864
1.7140836715698242,1541271896.3549476
0.8678429126739502,1541271897.2227905
0.617706298828125,1541271897.8404968
1.8618226051330566,1541271899.7023194
1.3151264190673828,1541271901.0174458
1.973156452178955,1541271902.9906023
1.018883466720581,1541271904.0094857
0.600426197052002,1541271904.609912
0.5553512573242188,1541271905.1652632
0.8237102031707764,1541271905.9889734
0.5811514854431152,1541271906.5701249
0.6430332660675049,1541271907.2131581
0.6487331390380859,1541271907.8618913
1.9235050678253174,1541271909.7853963
0.7559335231781006,1541271910.5413299
1.6243896484375,1541271912.1657195
1.0858933925628662,1541271913.251613
1.2109429836273193,1541271914.462556
1.9443333148956299,1541271916.4068892
0.938908576965332,1541271917.3457978
0.6831591129302979,1541271918.028957
0.5657522678375244,1541271918.5947092
0.8260493278503418,1541271919.4207585
1.7051894664764404,1541271921.125948
0.5727481842041016,1541271921.6986961
0.5594942569732666,1541271922.2581904
0.6824076175689697,1541271922.940598
0.6338520050048828,1541271923.57445
0.8078358173370361,1541271924.3822858
0.6120390892028809,1541271924.994325
0.6805057525634766,1541271925.6748307
0.7316160202026367,1541271926.4064467
0.669034481048584,1541271927.0754812
30.365505933761597,1541272255.7366488
3.737154960632324,1541272259.4738038
0.9415767192840576,1541272260.4153805
6.8456871509552,1551462065.4677522
1.7503745555877686,1551462067.2181268
1.5629687309265137,1551462068.7810955
0.8757696151733398,1551462069.6568651
1.5782361030578613,1551462071.2351012
2.266575336456299,1551462073.5016766
2.054349184036255,1551462075.5560257
5.370051383972168,1551462080.9260771
1.438364028930664,1551462082.3644412
1.406358003616333,1551462083.7707992
2.201096534729004,1551462085.9718957
0.9222400188446045,1551462086.8941357
1.801471471786499,1551462088.6956072
4.376654148101807,1551462093.0722613
5.032653331756592,1551462098.1049147
1.4538490772247314,1551462099.5587637
1.5001919269561768,1551462101.0589557
1.6108133792877197,1551462102.669769
2.0896456241607666,1551462104.7594147
2.473261594772339,1551462107.2326763
4.501350402832031,1551462111.7340267
1.3909695148468018,1551462113.1249962
2.04789137840271,1551462115.1728876
1.6566286087036133,1551462116.8295162
1.4845542907714844,1551462118.3140705
1.032447338104248,1551462119.3465178
1.2505748271942139,1551462120.5970926
6.283259391784668,1551462126.880352
2.4856972694396973,1551462129.3660493
4.345110177993774,1551462133.7111595
13.603619575500488,1551472971.1514564
2.82643723487854,1551472973.9778936
1.3929531574249268,1551472975.3708467
1.07035493850708,1551472976.4412017
1.465463638305664,1551472977.9066653
1.3730289936065674,1551472979.2796943
2.327641010284424,1551472981.6073353
1.9826443195343018,1551472983.5899796
1.885939359664917,1551472985.475919
1.7909038066864014,1551472987.2668228
