19.789262056350708,1540636099.8120725
1.4168915748596191,1540636101.228964
1.3271963596343994,1540636102.5561604
7.954683303833008,1540636110.5108438
1.6006107330322266,1540636112.1114545
1.459937572479248,1540636113.571392
0.9991414546966553,1540636114.5705335
0.9882221221923828,1540636115.5587556
3.9357635974884033,1540636119.4945192
13.070719242095947,1540636132.5652385
7.035173416137695,1540636896.8789551
1.1681807041168213,1540636898.0471358
0.8271279335021973,1540636898.8742638
2.456613063812256,1540636901.3308768
2.200718402862549,1540636903.5315952
2.420677900314331,1540636905.9522731
3.888916254043579,1540636909.8411894
1.6281929016113281,1540636911.4693823
1.8983736038208008,1540636913.367756
0.8457632064819336,1540636914.213519
9.12854528427124,1540686753.220961
9.265530824661255,1540686762.486492
2.807917594909668,1540686765.2944095
2.672199010848999,1540686767.9666085
4.621805429458618,1540686772.588414
1.6258738040924072,1540686774.2142878
1.5781559944152832,1540686775.7924438
1.0833570957183838,1540686776.8758008
4.473052978515625,1540686781.3488538
2.4795191287994385,1540686783.828373
26.52833390235901,1541165784.1457336
4.422678470611572,1541165788.568412
5.297527551651001,1541165793.8659396
1.7027418613433838,1541165795.5686815
2.1823251247406006,1541165797.7510066
5.949206590652466,1541165803.7002132
1.1994867324829102,1541165804.8997
1.7307777404785156,1541165806.6304777
1.6029314994812012,1541165808.2334092
6.023492813110352,1541165814.256902
17.043492317199707,1541165831.3003943
7.314635992050171,1541165838.6150303
1.329648733139038,1541165839.944679
1.855031967163086,1541165841.799711
1.3627817630767822,1541165843.1624928
1.775273084640503,1541165844.9377658
3.2033655643463135,1541165848.1411314
2.217751979827881,1541165850.3588834
1.496429681777954,1541165851.855313
4.2630908489227295,1541165856.118404
27.47389316558838,1541271405.403837
1.303520917892456,1541271406.707358
0.9324274063110352,1541271407.6397853
3.5296878814697266,1541271411.1694732
4.142419338226318,1541271415.3118925
14.895490884780884,1551460755.9040005
1.531991958618164,1551460757.4359925
11.738548040390015,1551460769.1745405
2.641592025756836,1551460771.8161325
4.157516241073608,1551460775.9736488
2.1767590045928955,1551460778.1504078
1.5476911067962646,1551460779.698099
2.8294403553009033,1551460782.5275393
3.250459671020508,1551460785.777999
2.4850120544433594,1551460788.263011
6.361220598220825,1551460794.6242316
7.846574783325195,1551460802.4708064
1.390854835510254,1551460803.8616612
2.2976810932159424,1551460806.1593423
4.548029899597168,1551460810.7073722
0.9222090244293213,1551460811.6295812
3.221421957015991,1551460814.8510032
3.1273715496063232,1551460817.9783747
1.625572681427002,1551460819.6039474
10.565796375274658,1551460830.1697438
3.360300064086914,1551460833.5300438
1.593888759613037,1551460835.1239326
3.4545907974243164,1551460838.5785234
1.6875300407409668,1551460840.2660534
2.4535462856292725,1551460842.7195997
3.3764235973358154,1551460846.0960233
2.5320823192596436,1551460848.6281056
1.8131394386291504,1551460850.441245
1.4381957054138184,1551460851.8794408
2.125640869140625,1551460854.0050817
5.626686334609985,1551460859.631768
1.3284850120544434,1551460860.960253
2.813646078109741,1551460863.773899
1.2654790878295898,1551460865.0393782
3.57954740524292,1551460868.6189256
2.9393632411956787,1551460871.5582888
1.8285822868347168,1551460873.386871
4.766998767852783,1551460878.1538699
3.4860193729400635,1551460881.6398892
2.9380178451538086,1551460884.577907
5.486358880996704,1551460890.064266
1.5004992485046387,1551460891.5647652
6.142863512039185,1551460897.7076287
2.1566765308380127,1551460899.8643053
1.4065845012664795,1551460901.2708898
2.4698143005371094,1551460903.740704
1.2189502716064453,1551460904.9596543
1.9226536750793457,1551460906.882308
2.3755578994750977,1551460909.257866
1.8751869201660156,1551460911.1330528
2.469369888305664,1551460913.6024227
1.4846718311309814,1551460915.0870945
0.906609058380127,1551460915.9937036
0.9063301086425781,1551460916.9000337
3.907682418823242,1551460920.8077161
3.798154830932617,1551460924.605871
5.673389911651611,1551460930.2792609
5.164973974227905,1551460935.4442348
2.9155077934265137,1551460938.3597426
3.3758935928344727,1551460941.7356362
15.455241441726685,1551472771.625057
1.4470934867858887,1551472773.0721505
1.7944209575653076,1551472774.8665714
1.6399023532867432,1551472776.5064738
1.6439237594604492,1551472778.1503975
1.2503211498260498,1551472779.4007187
1.3629982471466064,1551472780.763717
2.1386783123016357,1551472782.9023952
0.8520400524139404,1551472783.7544353
1.4799926280975342,1551472785.234428
