10.53669810295105,1540636480.0721738
1.167980432510376,1540636481.2401543
0.9475545883178711,1540636482.1877089
8.303685426712036,1540636490.4913943
1.0365076065063477,1540636491.527902
1.1526153087615967,1540636492.6805172
1.0234036445617676,1540636493.7039208
6.473212957382202,1540636500.1771338
3.8500566482543945,1540636504.0271904
6.037523984909058,1540636510.0647144
10.764135122299194,1540637099.5677829
0.9069647789001465,1540637100.4747477
0.7704427242279053,1540637101.2451904
0.9047751426696777,1540637102.1499655
5.8572962284088135,1540637108.0072618
1.278907299041748,1540637109.286169
1.087170124053955,1540637110.3733392
6.949445486068726,1540637117.3227847
6.592832088470459,1540637123.9156168
0.9530789852142334,1540637124.8686957
6.6320319175720215,1540686978.2717206
1.3162903785705566,1540686979.588011
0.9582526683807373,1540686980.5462637
5.63287878036499,1540686986.1791425
5.592113018035889,1540686991.7712555
2.1437392234802246,1540686993.9149947
2.6150028705596924,1540686996.5299976
1.556795358657837,1540686998.086793
1.7243561744689941,1540686999.8111491
10.105837106704712,1540687009.9169862
16.488964319229126,1541166692.6866298
3.63814640045166,1541166696.3247762
1.376410961151123,1541166697.7011871
1.3022699356079102,1541166699.003457
4.107141494750977,1541166703.1105986
5.078366279602051,1541166708.1889648
1.2721023559570312,1541166709.4610672
3.104156494140625,1541166712.5652237
2.5095977783203125,1541166715.0748215
2.5993618965148926,1541166717.6741834
4.469560861587524,1541166722.1437442
1.8110649585723877,1541166723.9548092
3.429692268371582,1541166727.3845015
3.9511280059814453,1541166731.3356295
12.923074960708618,1541166744.2587044
2.55027174949646,1541166746.8089762
3.0477004051208496,1541166749.8566766
2.4698486328125,1541166752.3265252
2.5754430294036865,1541166754.9019682
4.551551818847656,1541166759.45352
3.861407518386841,1541166763.3149276
2.5120017528533936,1541166765.8269293
2.443342685699463,1541166768.270272
10.20022177696228,1541166778.4704938
1.877807855606079,1541166780.3483016
1.2516872882843018,1541166781.599989
8.56983995437622,1541166790.169829
3.0644760131835938,1541166793.234305
1.8112118244171143,1541166795.0455167
1.0035886764526367,1541166796.0491054
8.708665132522583,1541166804.7577705
1.66593599319458,1541166806.4237065
6.36782693862915,1541166812.7915335
6.70136833190918,1541166819.4929018
44.91870093345642,1541166864.4116027
1.2003748416900635,1541166865.6119776
1.1585166454315186,1541166866.7704942
2.272223949432373,1541166869.0427182
2.2706730365753174,1541166871.3133912
3.054004192352295,1541166874.3673954
10.474069356918335,1541166884.8414648
2.805992603302002,1541166887.6474574
2.5571389198303223,1541166890.2045963
4.055259704589844,1541166894.259856
2.681208610534668,1541166896.9410646
1.1267898082733154,1541166898.0678544
1.1360299587249756,1541166899.2038844
3.859471559524536,1541166903.063356
1.1143665313720703,1541166904.1777225
1.2736139297485352,1541166905.4513364
9.574790239334106,1541166915.0261266
1.8505229949951172,1541166916.8766496
4.550027132034302,1541166921.4266768
0.9120175838470459,1541166922.3386943
1.6889140605926514,1541166924.0276084
0.9692630767822266,1541166924.9968715
1.340151071548462,1541166926.3370225
1.3868699073791504,1541166927.7238925
1.4847831726074219,1541166929.2086756
0.8104679584503174,1541166930.0191436
17.304431438446045,1541166947.323575
1.1434767246246338,1541166948.4670517
1.8209784030914307,1541166950.2880301
0.9704635143280029,1541166951.2584937
1.275954246520996,1541166952.534448
0.8804202079772949,1541166953.414868
1.1263978481292725,1541166954.541266
1.0218453407287598,1541166955.5631113
1.21791672706604,1541166956.781028
3.242394208908081,1541166960.0234222
102385.85703063011,1541270336.0150702
3.1264755725860596,1541270339.1415458
1.6210055351257324,1541270340.7625513
3.3584516048431396,1541270344.121003
1.1249206066131592,1541270345.2459235
4.1345374584198,1541270349.380461
1.1138873100280762,1541270350.4943483
3.855189085006714,1541270354.3495374
1.8889284133911133,1541270356.2384658
1.4034733772277832,1541270357.6419392
10.365399837493896,1541271819.6666026
4.742945671081543,1541271824.4095483
2.442519187927246,1541271826.8520675
1.9162585735321045,1541271828.768326
1.3632428646087646,1541271830.131569
1.0379502773284912,1541271831.1695192
0.7032082080841064,1541271831.8727274
3.099951982498169,1541271834.9726794
2.1006529331207275,1541271837.0733323
1.1328954696655273,1541271838.2062278
2.4831738471984863,1541271840.6894016
0.9319198131561279,1541271841.6213214
0.8736763000488281,1541271842.4949977
1.0545635223388672,1541271843.5495613
0.6530733108520508,1541271844.2026346
0.6845898628234863,1541271844.8872244
0.9152505397796631,1541271845.802475
0.8540232181549072,1541271846.6564982
1.1329617500305176,1541271847.78946
2.210482358932495,1541271849.9999423
8.004741430282593,1551461865.5946832
3.030447483062744,1551461868.6251307
1.0779006481170654,1551461869.7030313
1.844674825668335,1551461871.5477061
1.3131177425384521,1551461872.8608239
2.5476911067962646,1551461875.408515
1.094660997390747,1551461876.503176
3.2508203983306885,1551461879.7539964
1.3124263286590576,1551461881.0664227
1.9539940357208252,1551461883.0204167
2.8137869834899902,1551461885.8342037
2.454847812652588,1551461888.2890515
1.5314288139343262,1551461889.8204803
1.1882319450378418,1551461891.0087123
1.0314967632293701,1551461892.040209
1.657468557357788,1551461893.6976776
1.6487185955047607,1551461895.3463962
2.774576187133789,1551461898.1209724
4.376716375350952,1551461902.4976888
2.594270944595337,1551461905.0919597
2.486952781677246,1551461907.5789125
1.4381911754608154,1551461909.0171037
3.391906976699829,1551461912.4090106
1.187953233718872,1551461913.596964
2.3287160396575928,1551461915.92568
1.64133620262146,1551461917.5670161
1.2811672687530518,1551461918.8481834
1.2039055824279785,1551461920.052089
2.047665596008301,1551461922.0997546
1.7192087173461914,1551461923.8189633
4.1421918869018555,1551461927.9611552
1.8444018363952637,1551461929.805557
1.1568939685821533,1551461930.962451
0.984912633895874,1551461931.9473636
4.376548767089844,1551461936.3239124
1.938199520111084,1551461938.262112
1.2189743518829346,1551461939.4810863
1.1883723735809326,1551461940.6694586
2.2193048000335693,1551461942.8887634
1.3601388931274414,1551461944.2489023
3.703843116760254,1551461947.9527454
1.8762459754943848,1551461949.8289914
4.564730167388916,1551461954.3937216
3.0963199138641357,1551461957.4900415
2.9690709114074707,1551461960.4591124
2.7825958728790283,1551461963.2417083
1.6721556186676025,1551461964.913864
1.5163114070892334,1551461966.4301753
3.8137128353118896,1551461970.2438881
1.2505519390106201,1551461971.49444
2.375701427459717,1551461973.8701415
2.813291549682617,1551461976.683433
1.109217882156372,1551461977.792651
0.9852180480957031,1551461978.777869
1.875436782836914,1551461980.6533058
1.4220213890075684,1551461982.0753272
3.133925676345825,1551461985.2092528
1.187596321105957,1551461986.3968492
4.962636232376099,1551461991.3594854
0.953681230545044,1551461992.3131666
3.407071352005005,1551461995.720238
3.2198379039764404,1551461998.9400759
4.15772271156311,1551462003.0977986
7.956174850463867,1551462011.0539734
3.0633201599121094,1551462014.1172936
0.9524784088134766,1551462015.069772
1.5485384464263916,1551462016.6183105
1.2193694114685059,1551462017.8376799
1.0313069820404053,1551462018.8689868
1.0784873962402344,1551462019.9474742
3.0015039443969727,1551462022.9489782
14.992035388946533,1551462037.9410136
1.9382455348968506,1551462039.879259
3.889559745788574,1551462043.7688189
1.2857940196990967,1551462045.0546129
1.3600037097930908,1551462046.4146166
4.142277717590332,1551462050.5568943
1.218904972076416,1551462051.7757993
1.0159590244293213,1551462052.7917583
5.830306768417358,1551462058.622065
5.87986421585083,1551472939.205765
1.3658878803253174,1551472940.571653
4.597127437591553,1551472945.1687803
1.409017562866211,1551472946.577798
1.2413153648376465,1551472947.8191133
2.144087791442871,1551472949.963201
1.3306512832641602,1551472951.2938523
1.8701841831207275,1551472953.1640365
2.0039045810699463,1551472955.167941
2.3798956871032715,1551472957.5478368
