5.599819183349609,1540636006.324451
6.000417947769165,1540636012.324869
4.982484340667725,1540636017.3073533
6.961108207702637,1540636024.2684615
4.329303979873657,1540636028.5977654
2.519320249557495,1540636031.1170857
7.525511264801025,1540636038.642597
28.640045642852783,1540636067.2826426
6.519183397293091,1540636073.801826
6.22098445892334,1540636080.0228105
7.404179096221924,1540636843.0433683
2.707326889038086,1540636845.7506952
6.511751890182495,1540636852.262447
9.81023120880127,1540636862.0726783
3.6700620651245117,1540636865.7427404
1.5217204093933105,1540636867.2644608
12.032294750213623,1540636879.2967556
3.7955849170684814,1540636883.0923405
4.035373687744141,1540636887.1277142
2.7160675525665283,1540636889.8437817
14.29254674911499,1540686702.2871838
8.982033491134644,1540686711.2692173
3.600916624069214,1540686714.8701339
3.1652705669403076,1540686718.0354044
3.585643768310547,1540686721.6210482
4.5118772983551025,1540686726.1329255
3.3068881034851074,1540686729.4398136
5.072230577468872,1540686734.5120442
3.946974277496338,1540686738.4590185
5.633397340774536,1540686744.0924158
63.73850202560425,1541165712.562416
6.082320928573608,1541165718.644737
2.7643492221832275,1541165721.4090862
5.9503867626190186,1541165727.359473
7.5238282680511475,1541165734.8833013
1.9204051494598389,1541165736.8037064
3.5969936847686768,1541165740.4007
3.7848739624023438,1541165744.185574
4.426296234130859,1541165748.6118703
1.199422836303711,1541165749.8112931
4.34566593170166,1541165754.156959
1.678635835647583,1541165755.835595
1.7818048000335693,1541165757.6173997
24.28975486755371,1551460232.0375056
5.486522436141968,1551460237.524028
5.783255100250244,1551460243.3072832
1.6564743518829346,1551460244.9637575
1.126249074935913,1551460246.0900066
1.6966533660888672,1551460247.78666
7.37136435508728,1551460255.1580243
7.673861026763916,1551460262.8318853
3.0945045948028564,1551460265.92639
1.8598957061767578,1551460267.7862856
6.627876281738281,1551460274.414162
4.954665184020996,1551460279.368827
3.954179525375366,1551460283.3230066
2.735224485397339,1551460286.058231
5.9549171924591064,1551460292.0131483
3.3920743465423584,1551460295.4052227
4.892113924026489,1551460300.2973366
9.314431428909302,1551460309.611768
3.5487170219421387,1551460313.160485
9.002432823181152,1551460322.1629179
3.9700212478637695,1551460326.132939
3.0942752361297607,1551460329.2272143
7.454940557479858,1551460336.682155
3.845426082611084,1551460340.527581
2.0006918907165527,1551460342.5282729
1.2657403945922852,1551460343.7940133
4.970515489578247,1551460348.7645288
11.23572826385498,1551460360.000257
2.5796661376953125,1551460362.5799232
3.907733917236328,1551460366.487657
5.658287763595581,1551460372.1459448
2.7972679138183594,1551460374.9432127
2.016397714614868,1551460376.9596105
1.5630295276641846,1551460378.52264
1.8910038471221924,1551460380.4136438
14.036205768585205,1551460394.4498496
1.343855619430542,1551460395.7937052
1.6099514961242676,1551460397.4036567
4.108964681625366,1551460401.5126214
2.2663021087646484,1551460403.7789235
3.813729763031006,1551460407.5926533
1.5003528594970703,1551460409.0930061
3.6259686946868896,1551460412.7189748
2.7351810932159424,1551460415.454156
1.344109058380127,1551460416.798265
2.0631086826324463,1551460418.8613737
2.031886577606201,1551460420.8932602
2.047755479812622,1551460422.9410157
2.2665679454803467,1551460425.2075837
11.89644193649292,1551460437.1040256
6.142657041549683,1551460443.2466826
2.4692723751068115,1551460445.715955
12.785876750946045,1551460458.5018318
9.38056755065918,1551460467.8823993
4.407913684844971,1551460472.290313
6.236818313598633,1551460478.5271313
2.328618288040161,1551460480.8557496
3.6957781314849854,1551460484.5515277
3.0941975116729736,1551460487.6457253
7.378416299819946,1551460495.0241416
19.035906314849854,1551460514.0600479
1.344343900680542,1551460515.4043918
1.6885664463043213,1551460517.0929582
3.9383997917175293,1551460521.031358
1.7044870853424072,1551460522.735845
4.017218589782715,1551460526.7530637
1.7663781642913818,1551460528.5194418
1.0313842296600342,1551460529.550826
8.862462997436523,1551460538.413289
2.750727653503418,1551460541.1640167
3.3451874256134033,1551460544.5092041
7.457958936691284,1551460551.967163
2.219928741455078,1551460554.1870918
8.707056999206543,1551460562.8941488
3.6885390281677246,1551460566.5826879
3.735746145248413,1551460570.318434
4.219972372055054,1551460574.5384064
1.625718116760254,1551460576.1641245
3.6110706329345703,1551460579.7751951
11.706965208053589,1551460591.4821603
2.891223430633545,1551460594.3733838
4.829845190048218,1551460599.203229
12.925310373306274,1551460612.1285393
1.6095166206359863,1551460613.738056
1.687993049621582,1551460615.426049
2.860222816467285,1551460618.2862718
1.1876373291015625,1551460619.4739091
6.688880681991577,1551460626.1627898
23.648008584976196,1551460649.8107984
3.969858407974243,1551460653.7806568
8.565361499786377,1551460662.3460183
8.252623081207275,1551460670.5986414
1.5000684261322021,1551460672.0987098
1.141563892364502,1551460673.2402737
2.1100361347198486,1551460675.3503098
8.878214120864868,1551460684.228524
4.502107620239258,1551460688.7306316
1.5004456043243408,1551460690.2310772
2.8602495193481445,1551460693.0913267
1.391911506652832,1551460694.4832382
14.693266153335571,1551460709.1765044
3.6268458366394043,1551460712.8033502
5.45561408996582,1551460718.2589643
2.1492574214935303,1551460720.4082217
2.5160343647003174,1551460722.924256
3.5641558170318604,1551460726.488412
5.455032110214233,1551460731.943444
3.532562017440796,1551460735.476006
4.126144170761108,1551460739.6021502
1.4063594341278076,1551460741.0085096
14.773584365844727,1551472723.9038737
1.421755313873291,1551472725.325629
3.9561140537261963,1551472729.281743
1.8127052783966064,1551472731.0944483
16.617154598236084,1551472747.711603
2.6737499237060547,1551472750.3853528
1.7439708709716797,1551472752.1293237
1.4526548385620117,1551472753.5819786
0.8812131881713867,1551472754.4631917
1.7066237926483154,1551472756.1698155
35.946118116378784,1556039695.868934
4.253424167633057,1556039700.122358
5.643976211547852,1556039705.7663343
3.4956557750701904,1556039709.26199
3.2198891639709473,1556039712.4818792
1.6833465099334717,1556039714.1652257
5.61190390586853,1556039719.7771297
6.3498804569244385,1556039726.12701
4.807664632797241,1556039730.9346747
1.6249654293060303,1556039732.5596402
