64.4611120223999,1540636625.3035214
1.812380075454712,1540636627.1159015
1.814845085144043,1540636628.9307466
0.9820919036865234,1540636629.9128385
1.04036283493042,1540636630.9532013
1.4379081726074219,1540636632.3911095
1.8039309978485107,1540636634.1950405
1.104842185974121,1540636635.2998827
1.6897947788238525,1540636636.9896774
1.6835060119628906,1540636638.6731834
17.321066856384277,1540687067.4452217
0.7058005332946777,1540687068.1510222
1.5579237937927246,1540687069.708946
4.338375091552734,1540687074.047321
5.619170427322388,1540687079.6664915
3.402374744415283,1540687083.0688663
0.7954988479614258,1540687083.864365
0.8286077976226807,1540687084.692973
1.2248942852020264,1540687085.9178672
1.031111240386963,1540687086.9489784
14.150591850280762,1541270415.462464
2.048405885696411,1541270417.51087
4.814890623092651,1541270422.3257606
1.904966115951538,1541270424.2307267
1.4233622550964355,1541270425.654089
1.1250123977661133,1541270426.7791014
2.104210138320923,1541270428.8833115
1.1235487461090088,1541270430.0068603
1.709416389465332,1541270431.7162766
4.9491660594940186,1541270436.6654427
3.6197023391723633,1541270440.285145
2.3060073852539062,1541270442.5911524
5.205414056777954,1541270447.7965665
4.422868013381958,1541270452.2194345
1.8203589916229248,1541270454.0397935
2.901301145553589,1541270456.9410946
1.7889769077301025,1541270458.7300715
1.588371753692627,1541270460.3184433
0.9491703510284424,1541270461.2676136
0.7552294731140137,1541270462.0228431
4.395838022232056,1541270466.4186811
2.0537116527557373,1541270468.4723928
6.489978075027466,1541270474.9623709
1.4470970630645752,1541270476.409468
1.9305405616760254,1541270478.3400085
2.970874309539795,1541270481.3108828
0.877208948135376,1541270482.1880918
1.539107322692871,1541270483.727199
6.233175277709961,1541270489.9603744
1.3543424606323242,1541270491.3147168
3.447446584701538,1541270494.7621634
2.3493752479553223,1541270497.1115386
2.12416934967041,1541270499.235708
1.287877082824707,1541270500.523585
6.281860828399658,1541270506.805446
1.2571747303009033,1541270508.0626206
1.591031789779663,1541270509.6536524
1.2195219993591309,1541270510.8731744
4.3663084506988525,1541270515.2394829
0.9728171825408936,1541270516.2123
4.228314161300659,1541270520.4406142
3.3157260417938232,1541270523.7563403
1.1049890518188477,1541270524.8613293
0.9700632095336914,1541270525.8313925
1.8614122867584229,1541270527.6928048
0.8706028461456299,1541270528.5634077
3.785597085952759,1541270532.3490047
0.849144458770752,1541270533.1981492
1.0875647068023682,1541270534.285714
2.714071035385132,1541270536.999785
2.7762842178344727,1541270539.7760692
0.9335689544677734,1541270540.709638
1.388098955154419,1541270542.097737
1.0340895652770996,1541270543.1318266
1.2034070491790771,1541270544.3352337
1.0717260837554932,1541270545.4069598
1.0339736938476562,1541270546.4409335
1.8658969402313232,1541270548.3068304
1.2033016681671143,1541270549.510132
1.156193494796753,1541270550.6663256
1.9990112781524658,1541270552.6653368
1.3980686664581299,1541270554.0634055
2.775545120239258,1541270556.8389506
1.0833799839019775,1541270557.9223306
4.910632133483887,1541270562.8329628
1.5196993350982666,1541270564.352662
3.2682886123657227,1541270567.6209507
1.682462215423584,1541270569.303413
1.0777478218078613,1541270570.3811607
1.673321008682251,1541270572.0544817
5.424988269805908,1551462139.1361477
3.1731913089752197,1551462142.309339
1.1415181159973145,1551462143.4508572
1.3750355243682861,1551462144.8258927
2.938688278198242,1551462147.764581
1.515962839126587,1551462149.2805438
11.675631284713745,1551462160.956175
1.1422815322875977,1551462162.0984566
1.125178575515747,1551462163.2236352
3.8665390014648438,1551462167.0901742
3.0789499282836914,1551462170.1691241
2.016234874725342,1551462172.185359
1.1259608268737793,1551462173.3113198
2.6262142658233643,1551462175.937534
1.0945734977722168,1551462177.0321076
2.4852583408355713,1551462179.517366
1.9848175048828125,1551462181.5021834
5.736472129821777,1551462187.2386556
3.3608901500701904,1551462190.5995457
2.3911547660827637,1551462192.9907005
9.618725299835205,1551462202.6094258
2.266226053237915,1551462204.8756518
1.2037849426269531,1551462206.0794368
0.9222159385681152,1551462207.0016527
2.251330614089966,1551462209.2529833
1.3606700897216797,1551462210.6136534
1.2818443775177002,1551462211.8954978
3.297740936279297,1551462215.1932387
4.220174551010132,1551462219.4134133
4.298415422439575,1551462223.7118287
3.285433530807495,1551462226.9972622
1.735217809677124,1551462228.73248
2.1099696159362793,1551462230.8424497
0.9222605228424072,1551462231.7647102
0.953188419342041,1551462232.7178986
2.0629639625549316,1551462234.7808626
1.141301155090332,1551462235.9221637
3.0945842266082764,1551462239.016748
4.92330002784729,1551462243.940048
16.5143039226532,1551462260.454352
6.461233854293823,1551472993.7280567
1.4872417449951172,1551472995.2152984
1.5172042846679688,1551472996.7325027
6.232834815979004,1551473002.9653375
1.332024097442627,1551473004.2973616
1.5595784187316895,1551473005.85694
3.5465850830078125,1551473009.403525
2.3576881885528564,1551473011.7612133
1.5511176586151123,1551473013.312331
0.7237582206726074,1551473014.0360892
