62.32712125778198,1540636444.4114194
3.684518575668335,1540636448.095938
1.511587142944336,1540636449.607525
1.458235263824463,1540636451.0657604
1.5681283473968506,1540636452.6338887
1.903958797454834,1540636454.5378475
4.202113628387451,1540636458.7399611
4.698625564575195,1540636463.4385867
5.097073316574097,1540636468.53566
0.9998157024383545,1540636469.5354757
13.523313045501709,1540637063.8087118
1.946721076965332,1540637065.7554328
3.140930652618408,1540637068.8963635
3.0387723445892334,1540637071.9351358
3.0356054306030273,1540637074.9707413
0.9860615730285645,1540637075.9568028
5.109360933303833,1540637081.0661638
1.4378793239593506,1540637082.504043
0.9379298686981201,1540637083.441973
5.361674785614014,1540637088.8036478
10.044911861419678,1540686944.4031575
2.887707471847534,1540686947.290865
5.885628938674927,1540686953.176494
2.6719796657562256,1540686955.8484735
1.6916954517364502,1540686957.540169
3.489001750946045,1540686961.0291708
1.856379508972168,1540686962.8855503
1.3454537391662598,1540686964.231004
6.016248464584351,1540686970.2472525
1.3924362659454346,1540686971.6396887
34.80714774131775,1541166641.3594298
2.552076578140259,1541166643.9115064
0.8694760799407959,1541166644.7809825
5.288228273391724,1541166650.0692108
1.871678352355957,1541166651.9408891
2.4109644889831543,1541166654.3518536
3.3854589462280273,1541166657.7373126
1.8976149559020996,1541166659.6349275
1.1948273181915283,1541166660.8297548
1.5973341464996338,1541166662.427089
4.289616346359253,1541166666.7167053
1.2883293628692627,1541166668.0050347
1.779785394668579,1541166669.78482
4.532155752182007,1541166674.3169758
1.8806896209716797,1541166676.1976655
12.739235639572144,1551461677.3597922
1.5787601470947266,1551461678.9385524
4.6586878299713135,1551461683.5972402
2.2240757942199707,1551461685.821316
1.1726255416870117,1551461686.9939415
6.642820358276367,1551461693.636762
2.375998020172119,1551461696.01276
0.967153787612915,1551461696.9799137
1.6098659038543701,1551461698.5897796
1.782123327255249,1551461700.371903
3.6892447471618652,1551461704.0611477
3.2665553092956543,1551461707.327703
1.7508995532989502,1551461709.0786026
1.5470173358917236,1551461710.62562
3.1442742347717285,1551461713.7698941
2.4126036167144775,1551461716.1824977
1.297043800354004,1551461717.4795415
0.9849984645843506,1551461718.46454
1.563493013381958,1551461720.028033
3.0807723999023438,1551461723.1088054
4.346027851104736,1551461727.4548333
5.5037147998809814,1551461732.958548
1.4065132141113281,1551461734.3650613
2.1260581016540527,1551461736.4911194
2.6897730827331543,1551461739.1808925
2.2823710441589355,1551461741.4632635
3.3596527576446533,1551461744.8229163
3.111574172973633,1551461747.9344904
2.0325961112976074,1551461749.9670866
1.5470755100250244,1551461751.514162
4.909459829330444,1551461756.423622
2.6573691368103027,1551461759.080991
1.0001215934753418,1551461760.0811126
0.8999044895172119,1551461760.981017
1.132711410522461,1551461762.1137285
2.923600912094116,1551461765.0373294
1.4847564697265625,1551461766.522086
2.8305869102478027,1551461769.3526728
1.3748199939727783,1551461770.7274928
1.2673723697662354,1551461771.9948652
2.533241033554077,1551461774.5281062
2.483339786529541,1551461777.011446
0.96893310546875,1551461777.980379
1.891315221786499,1551461779.8716943
1.1575438976287842,1551461781.0292382
2.1238927841186523,1551461783.153131
1.422252893447876,1551461784.575384
2.6401031017303467,1551461787.215487
1.7512853145599365,1551461788.9667723
4.766307592391968,1551461793.73308
12.296596050262451,1551461806.029676
6.588014841079712,1551461812.6176908
1.125298023223877,1551461813.7429888
1.657285451889038,1551461815.4002743
1.7352933883666992,1551461817.1355677
1.2354800701141357,1551461818.3710477
1.6564545631408691,1551461820.0275023
1.3602688312530518,1551461821.3877711
1.1882033348083496,1551461822.5759745
3.0485403537750244,1551461825.6245148
2.7983546257019043,1551461828.4228694
3.3448452949523926,1551461831.7677147
0.937694787979126,1551461832.7054095
1.5791068077087402,1551461834.2845163
1.6995360851287842,1551461835.9840524
1.2540161609649658,1551461837.2380686
1.251563310623169,1551461838.489632
0.8281469345092773,1551461839.3177788
3.241777181625366,1551461842.559556
0.7499535083770752,1551461843.3095095
3.776874542236328,1551461847.086384
1.0001275539398193,1551461848.0865116
0.9224395751953125,1551461849.0089512
1.9067285060882568,1551461850.9156797
1.2036123275756836,1551461852.119292
0.7346577644348145,1551461852.8539498
0.8907830715179443,1551461853.7447329
2.1570236682891846,1551461855.9017565
0.8437788486480713,1551461856.7455354
0.8444063663482666,1551461857.5899417
20.378308296203613,1551472903.7544024
6.704208612442017,1551472910.458611
0.9477949142456055,1551472911.406406
8.121717691421509,1551472919.5281236
7.7342188358306885,1551472927.2623425
0.8698654174804688,1551472928.1322079
1.5645654201507568,1551472929.6967733
2.8432719707489014,1551472932.5400453
0.7858555316925049,1551472933.3259008
