6.714415550231934,1540687125.282729
6.872718811035156,1540687132.1554477
1.0461173057556152,1540687133.201565
0.7876338958740234,1540687133.989199
0.898629903793335,1540687134.8878288
1.1515529155731201,1540687136.0393817
0.9304258823394775,1540687136.9698076
1.0222041606903076,1540687137.9920118
0.8979775905609131,1540687138.8899894
2.9956812858581543,1540687141.8856707
46.92337775230408,1541270695.9979355
1.5845801830291748,1541270697.5825157
2.4027092456817627,1541270699.985225
3.480673313140869,1541270703.4658983
2.645684003829956,1541270706.1115823
1.3515748977661133,1541270707.4631572
11.463376760482788,1541270718.926534
2.6308071613311768,1541270721.557341
3.0231406688690186,1541270724.5804818
1.5205535888671875,1541270726.1010354
7.419209241867065,1541270733.5202446
2.697399139404297,1541270736.2176437
2.46584415435791,1541270738.683488
2.4090986251831055,1541270741.0925865
6.390608072280884,1541270747.4831946
1.3893306255340576,1541270748.8725252
18.117260456085205,1541270766.9897857
6.961972236633301,1541270773.951758
6.553624153137207,1541270780.505382
1.4649462699890137,1541270781.9703283
12.954732894897461,1541270794.9250612
3.359403610229492,1541270798.2844648
6.497873783111572,1541270804.7823386
2.497347593307495,1541270807.2796862
1.3572587966918945,1541270808.636945
1.9463884830474854,1541270810.5833335
1.198718786239624,1541270811.7820523
2.1938161849975586,1541270813.9758685
1.8745238780975342,1541270815.8503923
5.22827935218811,1541270821.0786717
21.18020486831665,1541270842.2588766
2.716174840927124,1541270844.9750514
1.6412715911865234,1541270846.616323
1.0591309070587158,1541270847.675454
2.232116460800171,1541270849.9075704
0.9660341739654541,1541270850.8736045
1.6880700588226318,1541270852.5616746
2.2648956775665283,1541270854.8265703
5.807711601257324,1541270860.6342819
1.2910723686218262,1541270861.9253542
3.0877304077148438,1541270865.0130847
1.610490322113037,1541270866.623575
1.6340692043304443,1541270868.2576442
0.9181160926818848,1541270869.1757603
1.0627827644348145,1541270870.238543
2.1905481815338135,1541270872.4290912
3.754272222518921,1541270876.1833634
0.8989298343658447,1541270877.0822933
2.732764482498169,1541270879.8150578
1.1551141738891602,1541270880.970172
34.562764167785645,1541271961.6382453
0.9506773948669434,1541271962.5889227
1.8427882194519043,1541271964.431711
0.6667599678039551,1541271965.098471
3.0663602352142334,1541271968.1648312
1.0847885608673096,1541271969.2496197
1.5524532794952393,1541271970.802073
0.7782971858978271,1541271971.5803702
0.8485839366912842,1541271972.4289541
0.8539371490478516,1541271973.2828913
6.895695686340332,1551462464.5145102
3.407320737838745,1551462467.921831
1.797774076461792,1551462469.719605
1.3595986366271973,1551462471.0792036
2.0631208419799805,1551462473.1423244
1.9382448196411133,1551462475.0805693
2.7668254375457764,1551462477.8473947
1.406414270401001,1551462479.253809
2.5321922302246094,1551462481.7860012
1.0625441074371338,1551462482.8485453
3.751613140106201,1551462486.6001585
0.9362807273864746,1551462487.5364392
1.7830135822296143,1551462489.3194528
1.1412696838378906,1551462490.4607224
2.563483476638794,1551462493.024206
0.8449046611785889,1551462493.8691106
0.8281490802764893,1551462494.6972597
1.1098902225494385,1551462495.80715
2.594454050064087,1551462498.401604
1.0943503379821777,1551462499.4959543
4.141931056976318,1551462503.6378853
4.220595359802246,1551462507.8584807
1.906712293624878,1551462509.765193
1.4379949569702148,1551462511.203188
1.547297477722168,1551462512.7504854
1.3132116794586182,1551462514.063697
4.892171621322632,1551462518.9558687
7.47188138961792,1551462526.42775
4.69005274772644,1551462531.1178029
1.9538862705230713,1551462533.0716891
12.74441146850586,1551473043.7566097
3.0320186614990234,1551473046.7886283
4.047263860702515,1551473050.8358922
3.2323811054229736,1551473054.0682733
2.765554428100586,1551473056.8338277
1.8566384315490723,1551473058.6904662
1.1843347549438477,1551473059.874801
5.033504486083984,1551473064.9083054
1.473987102508545,1551473066.3822925
1.738720178604126,1551473068.1210127
