13.855910539627075,1540636652.529094
4.513794660568237,1540636657.0428886
2.483774185180664,1540636659.5266628
0.9277610778808594,1540636660.454424
0.9994175434112549,1540636661.4538414
0.9021310806274414,1540636662.3559725
0.7751812934875488,1540636663.1311538
67.57619976997375,1540636730.7073536
14.43162488937378,1540636745.1389785
1.0870978832244873,1540636746.2260764
13.134204149246216,1540687100.0831826
1.0519046783447266,1540687101.1350873
2.2601535320281982,1540687103.3952408
3.708812952041626,1540687107.1040537
1.4881954193115234,1540687108.5922492
1.2260463237762451,1540687109.8182955
1.4511473178863525,1540687111.2694428
0.8851077556610107,1540687112.1545506
5.390887498855591,1540687117.545438
1.0228753089904785,1540687118.5683134
17.404886960983276,1541270589.4593687
1.4917888641357422,1541270590.9511576
1.4261386394500732,1541270592.3772962
1.3190181255340576,1541270593.6963143
0.8177292346954346,1541270594.5140436
1.6664350032806396,1541270596.1804786
1.911437749862671,1541270598.0919163
2.4238760471343994,1541270600.5157924
1.1999754905700684,1541270601.7157679
1.9584314823150635,1541270603.6741993
3.892367124557495,1541270607.5665665
4.732152938842773,1541270612.2987194
1.5356574058532715,1541270613.8343768
1.7424559593200684,1541270615.5768328
1.6052234172821045,1541270617.1820562
1.7740323543548584,1541270618.9560885
2.468710422515869,1541270621.424799
4.489484786987305,1541270625.9142838
1.0713791847229004,1541270626.985663
1.6203179359436035,1541270628.6059809
2.4171066284179688,1541270631.0230875
2.2424473762512207,1541270633.2655349
2.194103717803955,1541270635.4596386
1.1188557147979736,1541270636.5784943
1.3208580017089844,1541270637.8993523
1.103039264678955,1541270639.0023916
1.743192434310913,1541270640.745584
1.9850361347198486,1541270642.7306201
1.473006248474121,1541270644.2036264
2.2532198429107666,1541270646.4568462
2.6177115440368652,1541270649.0745578
6.0646655559539795,1551462266.5190175
1.8754289150238037,1551462268.3944464
2.0327627658843994,1551462270.4272091
1.4380807876586914,1551462271.86529
1.547149419784546,1551462273.4124393
0.9696958065032959,1551462274.3821352
1.4228050708770752,1551462275.8049402
1.5319173336029053,1551462277.3368576
1.031285047531128,1551462278.3681426
1.5319287776947021,1551462279.9000714
5.256047248840332,1551462285.1561186
7.643189430236816,1551462292.799308
1.6093618869781494,1551462294.40867
1.578873634338379,1551462295.9875436
1.7504050731658936,1551462297.7379487
1.250793695449829,1551462298.9887424
4.642628192901611,1551462303.6313705
3.4695050716400146,1551462307.1008756
1.4693760871887207,1551462308.5702517
4.251125812530518,1551462312.8213775
2.445221424102783,1551462315.266599
1.5628266334533691,1551462316.8294256
3.579240083694458,1551462320.4086657
3.5950112342834473,1551462324.003677
2.016348123550415,1551462326.020025
3.3825314044952393,1551462329.4025564
1.3906965255737305,1551462330.793253
1.883169412612915,1551462332.6764224
1.5008740425109863,1551462334.1772964
1.1406936645507812,1551462335.31799
2.155505418777466,1551462337.4734955
1.6253857612609863,1551462339.0988812
3.548153877258301,1551462342.6470351
1.3759474754333496,1551462344.0229826
1.7446904182434082,1551462345.767673
3.8138768672943115,1551462349.58155
1.3754615783691406,1551462350.9570115
2.2512292861938477,1551462353.2082407
1.8756811618804932,1551462355.083922
2.1725363731384277,1551462357.2564583
2.2507286071777344,1551462359.507187
1.2350246906280518,1551462360.7422116
4.0639379024505615,1551462364.8061495
1.265770435333252,1551462366.07192
1.4849865436553955,1551462367.5569065
1.0468876361846924,1551462368.603794
1.0156781673431396,1551462369.6194723
2.6577513217926025,1551462372.2772236
2.328995943069458,1551462374.6062195
1.1884245872497559,1551462375.794644
2.9081063270568848,1551462378.7027504
2.2976133823394775,1551462381.0003638
1.4689266681671143,1551462382.4692905
0.9848525524139404,1551462383.454143
3.4539098739624023,1551462386.908053
1.4067761898040771,1551462388.314829
1.609938621520996,1551462389.9247677
4.751744985580444,1551462394.6765127
1.2661418914794922,1551462395.9426546
0.99983811378479,1551462396.9424927
2.688602924346924,1551462399.6310956
1.5162625312805176,1551462401.1473582
1.0939760208129883,1551462402.2413342
1.5004422664642334,1551462403.7417765
2.453550338745117,1551462406.1953268
0.9226374626159668,1551462407.1179643
3.063336133956909,1551462410.1813004
1.2345507144927979,1551462411.415851
2.9848155975341797,1551462414.4006667
1.2664673328399658,1551462415.667134
2.219465970993042,1551462417.8866
1.1723341941833496,1551462419.0589342
1.3751935958862305,1551462420.4341278
1.2037837505340576,1551462421.6379116
0.8592374324798584,1551462422.497149
1.5516855716705322,1551462424.0488346
2.907212972640991,1551462426.9560475
2.2502875328063965,1551462429.206335
1.0782380104064941,1551462430.284573
0.9532649517059326,1551462431.237838
2.0628626346588135,1551462433.3007007
1.0003087520599365,1551462434.3010094
1.2355232238769531,1551462435.5365326
2.0941202640533447,1551462437.630653
11.42374587059021,1551462449.0543988
1.5158207416534424,1551462450.5702195
1.5471158027648926,1551462452.1173353
1.6253926753997803,1551462453.742728
2.8918418884277344,1551462456.63457
0.9842445850372314,1551462457.6188145
5.266334772109985,1551473019.302424
0.9088602066040039,1551473020.2112842
0.8314723968505859,1551473021.0427566
0.9414241313934326,1551473021.9841807
1.264169454574585,1551473023.2483501
1.2891879081726074,1551473024.537538
0.9456160068511963,1551473025.483154
2.79736328125,1551473028.2805173
1.2858381271362305,1551473029.5663555
1.4458427429199219,1551473031.0121982
