4.148736476898193,1540687234.4382536
1.1389472484588623,1540687235.577201
3.1154167652130127,1540687238.6926177
2.490948438644409,1540687241.183566
4.261933088302612,1540687245.4454992
1.0861711502075195,1540687246.5316703
2.6941652297973633,1540687249.2258356
1.5204353332519531,1540687250.746271
3.8057966232299805,1540687254.5520675
2.786752462387085,1540687257.33882
8.297895908355713,1541271032.0524585
7.127390384674072,1541271039.179849
8.599526166915894,1541271047.779375
6.931917428970337,1541271054.7112925
5.364804744720459,1541271060.0760972
1.4360857009887695,1541271061.512183
2.328742027282715,1541271063.840925
0.9485702514648438,1541271064.7894952
2.6181912422180176,1541271067.4076865
1.5536987781524658,1541271068.9613853
5.653334140777588,1541271074.6147194
2.0203566551208496,1541271076.635076
2.858427047729492,1541271079.493503
4.579538106918335,1541271084.0730412
6.194801568984985,1541271090.2678428
2.2187039852142334,1541271092.4865468
1.6622340679168701,1541271094.1487808
2.984605073928833,1541271097.133386
2.2428956031799316,1541271099.3762815
1.747084617614746,1541271101.123366
6.756953477859497,1541271107.8803196
1.3996086120605469,1541271109.2799282
1.4500560760498047,1541271110.7299843
5.072886943817139,1541271115.8028712
2.681642770767212,1541271118.484514
1.1317617893218994,1541271119.6162758
7.120594024658203,1541271126.7368698
1.1921498775482178,1541271127.9290197
3.284693479537964,1541271131.2137132
7.206998825073242,1541271138.420712
4.804773569107056,1541271143.2254856
2.2055981159210205,1541271145.4310837
1.299544095993042,1541271146.7306278
2.6212494373321533,1541271149.3518772
1.1036205291748047,1541271150.4554977
1.8926777839660645,1541271152.3481755
2.0696208477020264,1541271154.4177964
1.7768759727478027,1541271156.1946723
0.9158415794372559,1541271157.110514
5.875492572784424,1541271162.9860065
4.76002836227417,1541271167.7460349
10.424236059188843,1541271178.170271
3.9228203296661377,1541271182.0930912
1.2694077491760254,1541271183.362499
2.287968158721924,1541271185.6504672
1.4389948844909668,1541271187.089462
1.9072537422180176,1541271188.9967158
1.2482540607452393,1541271190.2449698
1.5596015453338623,1541271191.8045714
2.18566632270813,1541271193.9902377
2.2073121070861816,1541271196.1975498
1.780383825302124,1541271197.9779336
1.6432116031646729,1541271199.6211452
1.1436059474945068,1541271200.7647512
3.6660618782043457,1541271204.430813
1.8358957767486572,1541271206.2667089
1.570054054260254,1541271207.836763
4.757208347320557,1541271212.5939713
1.7255194187164307,1541271214.3194907
0.9051351547241211,1541271215.2246258
5.435626745223999,1541271220.6602526
1.8773458003997803,1541271222.5375984
2.273993730545044,1541271224.811592
2.0774476528167725,1541271226.8890398
1.6718783378601074,1541271228.560918
5.934933662414551,1541271234.4958518
1.1135475635528564,1541271235.6093993
1.6304395198822021,1541271237.2398388
1.3976414203643799,1541271238.6374803
1.1854820251464844,1541271239.8229623
2.0450870990753174,1541271241.8680494
0.6789789199829102,1541271242.5470283
0.8988347053527832,1541271243.445863
1.039539098739624,1541271244.485402
1.0045483112335205,1541271245.4899504
1.0731532573699951,1541271246.5631037
4.026199102401733,1541271250.5893028
1.5203557014465332,1541271252.1096585
1.2264912128448486,1541271253.3361497
1.154043197631836,1541271254.490193
8.425402164459229,1551462714.4612377
1.109534502029419,1551462715.5707722
0.8911895751953125,1551462716.4619617
5.940346717834473,1551462722.4023085
2.9859073162078857,1551462725.3882158
1.969332218170166,1551462727.357548
1.0005834102630615,1551462728.3581314
0.8911268711090088,1551462729.2492583
1.4226388931274414,1551462730.6718972
1.6256184577941895,1551462732.2975156
3.219761371612549,1551462735.517277
2.1729540824890137,1551462737.690231
2.204036235809326,1551462739.8942673
1.4220190048217773,1551462741.3162863
1.1412007808685303,1551462742.457487
2.7515103816986084,1551462745.2089975
2.1404671669006348,1551462747.3494647
1.7822983264923096,1551462749.131763
1.3286314010620117,1551462750.4603944
2.14127516746521,1551462752.6016695
