11.270320177078247,1540636217.2183928
2.177403450012207,1540636219.3957963
0.7832727432250977,1540636220.179069
0.7760014533996582,1540636220.9550705
1.0504951477050781,1540636222.0055656
0.7811763286590576,1540636222.786742
0.6377475261688232,1540636223.4244895
2.8553054332733154,1540636226.279795
2.5262861251831055,1540636228.806081
2.4263205528259277,1540636231.2324016
9.03600788116455,1540636996.1476502
0.8928132057189941,1540636997.0404634
0.7287476062774658,1540636997.769211
0.673090934753418,1540636998.442302
0.9647669792175293,1540636999.407069
0.6694986820220947,1540637000.0765676
0.6489224433898926,1540637000.72549
0.5929815769195557,1540637001.3184717
2.499248743057251,1540637003.8177204
1.4978833198547363,1540637005.3156037
6.249597549438477,1540686874.4779756
1.6503896713256836,1540686876.1283653
2.089693784713745,1540686878.218059
3.0587356090545654,1540686881.2767947
4.075334548950195,1540686885.3521292
1.7441370487213135,1540686887.0962663
1.5498466491699219,1540686888.646113
1.9795942306518555,1540686890.6257071
1.3258576393127441,1540686891.9515648
1.639723300933838,1540686893.591288
15.160271406173706,1541166235.6099358
1.6176669597625732,1541166237.2276027
2.905479669570923,1541166240.1330824
1.652848243713379,1541166241.7859306
2.704862117767334,1541166244.4907928
8.354447603225708,1541166252.8452404
2.452422618865967,1541166255.297663
1.7217276096343994,1541166257.0193906
4.627689838409424,1541166261.6470804
2.0786733627319336,1541166263.7257538
3.2708187103271484,1541166266.9965725
2.849916696548462,1541166269.8464892
2.418184757232666,1541166272.264674
2.7061495780944824,1541166274.9708235
12.92308235168457,1541166287.8939059
2.126154899597168,1541166290.0200608
4.684042453765869,1541166294.7041032
4.634297132492065,1541166299.3384004
2.310187578201294,1541166301.648588
4.567723751068115,1541166306.2163117
2.995260000228882,1541166309.2115717
2.95991587638855,1541166312.1714876
1.5980002880096436,1541166313.7694879
3.416062831878662,1541166317.1855507
3.102414608001709,1541166320.2879653
4.601292133331299,1541166324.8892574
6.870709657669067,1541166331.759967
1.3981671333312988,1541166333.1581342
1.0748717784881592,1541166334.233006
1.1378605365753174,1541166335.3708665
2.469163179397583,1541166337.8400297
2.6169605255126953,1541166340.4569902
5.07543158531189,1541166345.5324218
2.592036485671997,1541166348.1244583
4.512354373931885,1541166352.6368127
0.7116131782531738,1541166353.3484259
0.6915116310119629,1541166354.0399375
1.8693552017211914,1541166355.9092927
0.9921660423278809,1541166356.9014587
2.505692958831787,1541166359.4071517
3.878077268600464,1541166363.285229
1.3763186931610107,1541166364.6615477
1.0239462852478027,1541166365.685494
2.805706739425659,1541166368.4912007
0.9458389282226562,1541166369.4370396
1.8203742504119873,1541166371.2574139
1.2686190605163574,1541166372.526033
1.6373741626739502,1541166374.163407
0.8343374729156494,1541166374.9977446
6.512051105499268,1541166381.5097957
8.141740322113037,1541166389.651536
0.7718925476074219,1541166390.4234285
6.01397180557251,1541166396.4374003
7.381389617919922,1541166403.81879
0.7756097316741943,1541166404.5943997
1.1207003593444824,1541166405.7151
1.2180349826812744,1541166406.933135
2.219855785369873,1541166409.1529908
0.8162400722503662,1541166409.969231
3.61506986618042,1541166413.5843008
3.8075525760650635,1541166417.3918533
5.544457912445068,1541166422.9363112
0.9234509468078613,1541166423.8597622
1.472015619277954,1541166425.3317778
1.3867113590240479,1541166426.7184892
1.3401553630828857,1541166428.0586445
3.4953203201293945,1541166431.5539649
1.2911138534545898,1541166432.8450787
1.1567087173461914,1541166434.0017874
0.9723665714263916,1541166434.974154
55.22608947753906,1541167919.6160164
8.964096307754517,1541167928.5801127
0.9278414249420166,1541167929.5079541
1.2202262878417969,1541167930.7281804
5.095557451248169,1541167935.8237379
1.8656005859375,1541167937.6893384
2.893505096435547,1541167940.5828435
1.7042970657348633,1541167942.2871406
2.791945457458496,1541167945.079086
5.078953504562378,1541167950.1580396
4.690166234970093,1541271789.5364594
1.0590202808380127,1541271790.5954797
0.8688840866088867,1541271791.4643638
1.0497629642486572,1541271792.5141268
1.0532810688018799,1541271793.5674078
1.1631803512573242,1541271794.7305882
1.0084681510925293,1541271795.7390563
0.8068733215332031,1541271796.5459297
0.896049976348877,1541271797.4419796
1.163506269454956,1541271798.605486
2.7426350116729736,1541271801.348121
0.6787388324737549,1541271802.0268598
0.9445738792419434,1541271802.9714336
0.6522374153137207,1541271803.623671
0.8869202136993408,1541271804.5105913
2.104902505874634,1541271806.6154938
1.090242862701416,1541271807.7057366
0.6738932132720947,1541271808.3796299
0.9215729236602783,1541271809.3012028
24.44785165786743,1551461202.639459
3.064356565475464,1551461205.7038155
1.1564679145812988,1551461206.8602834
1.5314152240753174,1551461208.3916986
4.719446659088135,1551461213.1111453
1.2188997268676758,1551461214.330045
3.57861590385437,1551461217.908661
2.2192025184631348,1551461220.1278634
2.687967538833618,1551461222.815831
3.5320656299591064,1551461226.3478966
4.923120021820068,1551461231.2710166
22.430773496627808,1551461253.70179
2.7510106563568115,1551461256.4528008
2.2975821495056152,1551461258.750383
5.282941818237305,1551461264.0333247
1.7821741104125977,1551461265.8154988
1.5318524837493896,1551461267.3473513
0.844043493270874,1551461268.1913948
5.955419301986694,1551461274.146814
2.187483549118042,1551461276.3342977
3.3452308177948,1551461279.6795285
1.5939099788665771,1551461281.2734385
1.7194905281066895,1551461282.992929
4.610782146453857,1551461287.6037111
3.7038936614990234,1551461291.3076048
10.081051588058472,1551461301.3886564
1.8442013263702393,1551461303.2328577
1.5790092945098877,1551461304.811867
3.0309243202209473,1551461307.8427913
2.7509398460388184,1551461310.5937312
2.7668416500091553,1551461313.3605728
1.329085111618042,1551461314.689658
4.001473426818848,1551461318.6911314
5.845548152923584,1551461324.5366795
4.302771091461182,1551461328.8394506
4.407902002334595,1551461333.2473526
1.860029697418213,1551461335.1073823
1.3592791557312012,1551461336.4666615
46.87817573547363,1551461383.3448372
1.5205202102661133,1551461384.8653574
4.720320701599121,1551461389.585678
1.5008883476257324,1551461391.0865664
2.0005745887756348,1551461393.087141
3.6108322143554688,1551461396.6979733
1.2033112049102783,1551461397.9012845
1.2816064357757568,1551461399.182891
1.5948679447174072,1551461400.7777588
1.156745195388794,1551461401.934504
1.3911323547363281,1551461403.3256364
1.8446662425994873,1551461405.1703026
5.9238831996917725,1551461411.0941858
1.2345118522644043,1551461412.3286977
2.3966386318206787,1551461414.7253363
4.361334323883057,1551461419.0866706
1.171966314315796,1551461420.258637
2.8300225734710693,1551461423.0886595
1.7660417556762695,1551461424.8547013
1.3755364418029785,1551461426.2302377
5.454810857772827,1551461431.6850486
8.205766916275024,1551461439.8908155
5.069300889968872,1551461444.9601164
1.375798225402832,1551461446.3359146
2.390960693359375,1551461448.7268753
2.329270124435425,1551461451.0561454
1.3783371448516846,1551461452.4344826
3.860781669616699,1551461456.2952642
1.5164453983306885,1551461457.8117096
1.3126311302185059,1551461459.1243408
1.9534785747528076,1551461461.0778193
4.251990079879761,1551461465.3298094
5.689488649368286,1551461471.019298
4.5347630977630615,1551461475.5540612
3.327444314956665,1551461478.8815055
1.7659196853637695,1551461480.6474252
2.3603506088256836,1551461483.0077758
2.0318186283111572,1551461485.0395944
1.56298828125,1551461486.6025827
1.2665092945098877,1551461487.869092
2.3749938011169434,1551461490.2440858
1.7347195148468018,1551461491.9788053
4.720153570175171,1551461496.6989589
1.5629682540893555,1551461498.2619271
1.3598806858062744,1551461499.6218078
2.3922955989837646,1551461502.0141034
6.087236166000366,1551461508.1013396
4.954574346542358,1551461513.055914
1.938037395477295,1551461514.9939513
1.734381914138794,1551461516.7283332
2.532116651535034,1551461519.26045
9.146311283111572,1551461528.4067612
12.494941473007202,1551472868.515739
1.8359615802764893,1551472870.3517005
1.5679714679718018,1551472871.919672
1.9182686805725098,1551472873.8379407
1.516235113143921,1551472875.3541758
1.3449766635894775,1551472876.6991525
1.5995099544525146,1551472878.2986624
1.2871761322021484,1551472879.5858386
1.7072501182556152,1551472881.2930887
2.083005428314209,1551472883.376094
