4.8314619064331055,1540687214.0454233
0.7832052707672119,1540687214.8286285
1.7090630531311035,1540687216.5376916
1.614989995956421,1540687218.1526816
2.6790850162506104,1540687220.8317666
3.4160640239715576,1540687224.2478306
2.3448774814605713,1540687226.592708
0.7778027057647705,1540687227.3705108
0.8591547012329102,1540687228.2296655
2.05985164642334,1540687230.2895172
9.053467512130737,1541270998.9707053
0.9041383266448975,1541270999.8748436
1.4660441875457764,1541271001.3408878
2.028338670730591,1541271003.3692265
2.3343911170959473,1541271005.7036176
2.99977445602417,1541271008.703392
1.6054332256317139,1541271010.3088253
1.337651014328003,1541271011.6464763
1.3198883533477783,1541271012.9663646
1.7600133419036865,1541271014.726378
3.74543833732605,1541271018.4718163
2.0264313220977783,1541271020.4982476
1.7909760475158691,1541271022.2892237
1.465338945388794,1541271023.7545626
11.174920082092285,1551462611.0505745
4.88480806350708,1551462615.9353826
3.9316463470458984,1551462619.867029
2.047781467437744,1551462621.9148104
1.5470547676086426,1551462623.4618652
6.439971208572388,1551462629.9018364
1.1254703998565674,1551462631.0273068
2.094496488571167,1551462633.1218033
0.8281664848327637,1551462633.9499698
1.43817138671875,1551462635.3881412
2.234804153442383,1551462637.6229453
1.2972443103790283,1551462638.9201896
0.9846854209899902,1551462639.904875
2.2350192070007324,1551462642.1398942
1.1256334781646729,1551462643.2655277
4.2045745849609375,1551462647.4701023
0.937371015548706,1551462648.4074733
2.0634236335754395,1551462650.470897
2.8760251998901367,1551462653.3469222
1.375612497329712,1551462654.7225347
2.6413369178771973,1551462657.3638716
1.6882493495941162,1551462659.052121
1.2186787128448486,1551462660.2707996
2.0169568061828613,1551462662.2877564
2.3128740787506104,1551462664.6006305
3.8605573177337646,1551462668.4611878
1.9064998626708984,1551462670.3676877
1.2031266689300537,1551462671.5708144
1.4535517692565918,1551462673.0243661
1.6881487369537354,1551462674.7125149
4.142225503921509,1551462678.8547404
1.422771692276001,1551462680.277512
2.1725616455078125,1551462682.4500737
1.468660831451416,1551462683.9187346
15.020981073379517,1551462698.9397156
1.8447859287261963,1551462700.7845016
0.9998161792755127,1551462701.7843177
1.2507431507110596,1551462703.035061
1.8752169609069824,1551462704.9102778
1.1255576610565186,1551462706.0358355
