8.612502813339233,1540636141.1777413
3.028757333755493,1540636144.2064986
1.2537486553192139,1540636145.4602473
1.091139554977417,1540636146.5513868
1.159043550491333,1540636147.7104304
1.0608575344085693,1540636148.771288
0.8979096412658691,1540636149.6691976
5.284865379333496,1540636154.954063
2.096839189529419,1540636157.0509021
1.41719388961792,1540636158.468096
10.972693681716919,1540636925.1862128
7.7772440910339355,1540636932.9634569
4.976767539978027,1540636937.9402244
3.885185956954956,1540636941.8254104
4.717312335968018,1540636946.5427227
1.5994844436645508,1540636948.1422071
1.0804147720336914,1540636949.222622
3.3388521671295166,1540636952.561474
7.704166650772095,1540636960.2656407
1.317537784576416,1540636961.5831785
7.734609127044678,1540686791.562982
1.9282543659210205,1540686793.4912364
3.4266576766967773,1540686796.9178941
2.6661598682403564,1540686799.584054
8.288738250732422,1540686807.8727922
3.556680202484131,1540686811.4294724
1.9134514331817627,1540686813.3429239
4.648448467254639,1540686817.9913723
4.27634072303772,1540686822.267713
2.6878156661987305,1540686824.9555287
19.9750075340271,1541165876.0934114
2.745621681213379,1541165878.8390331
6.040423154830933,1541165884.8794563
4.2882232666015625,1541165889.1676795
1.7555222511291504,1541165890.9232018
4.155364513397217,1541165895.0785663
1.8079454898834229,1541165896.8865118
1.935253620147705,1541165898.8217654
4.193442106246948,1541165903.0152075
1.8922374248504639,1541165904.907445
9.76268219947815,1541165914.6701272
3.0587849617004395,1541165917.728912
1.1821441650390625,1541165918.9110563
4.230964183807373,1541165923.1420205
1.7426505088806152,1541165924.884671
2.357381820678711,1541165927.2420528
2.1349689960479736,1541165929.3770218
5.590385913848877,1541165934.9674077
2.3301315307617188,1541165937.2975392
7.148362874984741,1541165944.445902
3.0571718215942383,1541165947.503074
3.1726226806640625,1541165950.6756966
1.7200236320495605,1541165952.3957202
7.0810227394104,1541165959.476743
1.569054126739502,1541165961.045797
4.841305494308472,1541165965.8871026
3.0871520042419434,1541165968.9742546
0.9316680431365967,1541165969.9059227
2.2799315452575684,1541165972.1858542
3.133751630783081,1541165975.3196058
7.044909238815308,1541271422.3568017
3.524430990219116,1541271425.8812327
7.910023927688599,1541271433.7912567
0.8113641738891602,1541271434.6026208
1.86301851272583,1541271436.4656394
0.8527545928955078,1541271437.318394
2.0312328338623047,1541271439.3496268
1.1639633178710938,1541271440.51359
5.091846942901611,1541271445.605437
2.396003484725952,1541271448.0014405
4.389135122299194,1541271452.3905756
1.837770700454712,1541271454.2283463
0.8767805099487305,1541271455.1051269
0.7528717517852783,1541271455.8579986
0.6691043376922607,1541271456.527103
4.31716251373291,1541271460.8442655
2.05873441696167,1541271462.9029999
0.8541274070739746,1541271463.7571273
1.7624413967132568,1541271465.5195687
1.379817247390747,1541271466.899386
5.942636489868164,1541271472.8420224
0.8542633056640625,1541271473.6962857
0.7824749946594238,1541271474.4787607
2.022799253463745,1541271476.50156
1.2278730869293213,1541271477.729433
1.9248816967010498,1541271479.6543148
2.979982852935791,1541271482.6342976
2.8770532608032227,1541271485.5113509
1.8559410572052002,1541271487.367292
4.936267852783203,1541271492.3035598
3.7483468055725098,1541271496.0519066
6.610717296600342,1541271502.662624
4.592502117156982,1541271507.255126
1.1559481620788574,1541271508.4110742
1.9219248294830322,1541271510.332999
1.3680012226104736,1541271511.7010002
1.1904263496398926,1541271512.8914266
1.149029016494751,1541271514.0404556
1.3168683052062988,1541271515.357324
1.4511868953704834,1541271516.8085108
4.554575204849243,1541271521.363086
1.0711309909820557,1541271522.434217
0.9851503372192383,1541271523.4193673
3.8440799713134766,1541271527.2634473
1.919231653213501,1541271529.182679
0.7646081447601318,1541271529.947287
0.6717324256896973,1541271530.6190195
0.7049696445465088,1541271531.3239892
0.9276878833770752,1541271532.251677
0.8486373424530029,1541271533.1003144
2.5758237838745117,1541271535.6761382
0.6965763568878174,1541271536.3727145
0.7123019695281982,1541271537.0850165
0.8608412742614746,1541271537.9458578
0.8233804702758789,1541271538.7692382
0.8737971782684326,1541271539.6430354
0.9855141639709473,1541271540.6285496
1.632922887802124,1541271542.2614725
0.8562192916870117,1541271543.1176918
1.144991159439087,1541271544.262683
7.408601760864258,1551460949.144238
1.9071145057678223,1551460951.0513525
0.9066588878631592,1551460951.9580114
16.37954068183899,1551460968.337552
1.8295137882232666,1551460970.1670659
3.891676187515259,1551460974.058742
6.501790523529053,1551460980.5605326
1.6875760555267334,1551460982.2481086
2.423166036605835,1551460984.6712747
1.640869379043579,1551460986.312144
5.829697847366333,1551460992.141842
6.268049716949463,1551460998.4098916
4.6111226081848145,1551461003.0210142
2.9695041179656982,1551461005.9905183
4.642452239990234,1551461010.6329706
2.7977051734924316,1551461013.4306757
4.189653396606445,1551461017.6203291
3.126328468322754,1551461020.7466576
4.017481565475464,1551461024.7641392
2.2197694778442383,1551461026.9839087
4.001256227493286,1551461030.9851649
1.8438770771026611,1551461032.829042
1.5633440017700195,1551461034.392386
1.4845919609069824,1551461035.876978
1.1092307567596436,1551461036.9862087
6.673455476760864,1551461043.6596642
7.127473831176758,1551461050.787138
1.0475518703460693,1551461051.8346899
1.828352689743042,1551461053.6630425
1.5555357933044434,1551461055.2185783
4.360666751861572,1551461059.579245
2.047435998916626,1551461061.626681
1.312587022781372,1551461062.939268
3.4068753719329834,1551461066.3461435
1.4377868175506592,1551461067.7839303
0.7349503040313721,1551461068.5188806
6.658237457275391,1551461075.177118
3.250718355178833,1551461078.4278364
1.1879112720489502,1551461079.6157477
6.821937322616577,1551461086.437685
3.134093761444092,1551461089.5717788
2.8918750286102295,1551461092.4636538
1.1567583084106445,1551461093.620412
1.4532954692840576,1551461095.0737076
1.3754463195800781,1551461096.449154
1.9691359996795654,1551461098.41829
5.767906665802002,1551461104.1861966
4.095060110092163,1551461108.2812567
1.6725420951843262,1551461109.9537988
1.610161542892456,1551461111.5639603
6.937729358673096,1551461118.5016897
2.8913309574127197,1551461121.3930206
3.4096317291259766,1551461124.8026524
6.205122470855713,1551461131.0077748
1.297590970993042,1551461132.3053658
2.1566672325134277,1551461134.462033
1.3603012561798096,1551461135.8223343
3.6890947818756104,1551461139.511429
1.2031843662261963,1551461140.7146134
1.0317637920379639,1551461141.7463772
5.871054172515869,1551472791.105482
3.647136926651001,1551472794.752619
2.103199005126953,1551472796.855818
1.3556625843048096,1551472798.2114806
3.7010087966918945,1551472801.9124894
1.353499174118042,1551472803.2659886
17.82651400566101,1551472821.0925026
1.5147688388824463,1551472822.6072714
2.133610486984253,1551472824.740882
1.5850427150726318,1551472826.3259246
