13.616136312484741,1540636172.0842323
5.712488889694214,1540636177.7967212
1.8934564590454102,1540636179.6901777
4.610512733459473,1540636184.3006904
1.7477726936340332,1540636186.048463
4.834686040878296,1540636190.8831491
10.695872068405151,1540636201.5790212
1.7643845081329346,1540636203.3434057
1.5640175342559814,1540636204.9074233
1.0406494140625,1540636205.9480727
10.853606462478638,1540636972.436785
2.3143670558929443,1540636974.751152
2.0422585010528564,1540636976.7934105
0.9748749732971191,1540636977.7682855
0.9302756786346436,1540636978.6985612
0.8270454406738281,1540636979.5256066
2.387279987335205,1540636981.9128866
1.8134374618530273,1540636983.726324
1.3812792301177979,1540636985.1076033
2.0040390491485596,1540636987.1116424
5.320120334625244,1540686830.275649
2.208571195602417,1540686832.4842203
1.6071863174438477,1540686834.0914066
8.826458215713501,1540686842.9178648
8.935638427734375,1540686851.8535032
4.64682412147522,1540686856.5003273
1.447845697402954,1540686857.948173
5.0423665046691895,1540686862.9905396
3.0200417041778564,1540686866.0105813
2.217796802520752,1540686868.228378
11.05000352859497,1541165986.3696094
2.1773946285247803,1541165988.547004
5.8067467212677,1541165994.3537507
3.771371364593506,1541165998.125122
13.10929536819458,1541166011.2344174
7.660146713256836,1541166018.8945642
1.643455982208252,1541166020.5380201
2.4306464195251465,1541166022.9686666
3.6805975437164307,1541166026.649264
3.0205721855163574,1541166029.6698363
10.702866792678833,1541166040.372703
1.468963384628296,1541166041.8416665
7.4811437129974365,1541166049.3228102
3.057508707046509,1541166052.3803189
3.2520062923431396,1541166055.6323252
19.435145378112793,1541166075.0674706
7.176267385482788,1541166082.243738
5.400402545928955,1541166087.6441405
7.199014186859131,1541166094.8431547
1.4941411018371582,1541166096.3372958
3.0010454654693604,1541166099.3383412
31.123806953430176,1541166130.4621482
1.6527349948883057,1541166132.1148832
1.1394062042236328,1541166133.2542894
2.6070377826690674,1541166135.8613272
3.6448898315429688,1541166139.506217
1.4394102096557617,1541166140.9456272
1.3001923561096191,1541166142.2458196
1.0797638893127441,1541166143.3255835
2.249276638031006,1541166145.57486
8.588377237319946,1541166154.1632373
4.681495904922485,1541166158.8447332
1.066171407699585,1541166159.9109046
0.9110677242279053,1541166160.8219724
1.8168675899505615,1541166162.63884
12.049524068832397,1541166174.688364
23.16018271446228,1541166197.8485467
17.450679302215576,1541166215.299226
2.311439275741577,1541166217.6106653
2.838999032974243,1541166220.4496644
21.918800115585327,1541271566.181483
1.1712727546691895,1541271567.3527558
3.4486629962921143,1541271570.8014188
0.8254952430725098,1541271571.626914
1.0653812885284424,1541271572.6922953
1.2333755493164062,1541271573.9256709
1.534149408340454,1541271575.4598203
0.6646039485931396,1541271576.1244242
0.6264698505401611,1541271576.750894
3.2124135494232178,1541271579.9633076
3.21883225440979,1541271583.1821399
1.7861981391906738,1541271584.968338
0.8752222061157227,1541271585.8435602
0.8144934177398682,1541271586.6580536
0.7120299339294434,1541271587.3700836
1.3308358192443848,1541271588.7009194
0.6920132637023926,1541271589.3929327
0.7929582595825195,1541271590.185891
0.773751974105835,1541271590.959643
5.870476007461548,1541271596.830119
10.693483114242554,1541271607.523602
0.8731956481933594,1541271608.3967977
1.101839542388916,1541271609.4986372
1.0292842388153076,1541271610.5279214
0.7993297576904297,1541271611.3272512
0.8723671436309814,1541271612.1996183
0.8804972171783447,1541271613.0801156
2.098787546157837,1541271615.178903
0.6486642360687256,1541271615.8275673
1.0259475708007812,1541271616.853515
5.160181045532227,1541271622.013696
0.8813881874084473,1541271622.8950841
1.485619068145752,1541271624.3807032
2.327796459197998,1541271626.7084997
1.4590389728546143,1541271628.1675386
7.058301687240601,1541271635.2258403
0.8407204151153564,1541271636.0665607
0.7960066795349121,1541271636.8625674
2.2782294750213623,1541271639.140797
0.7887651920318604,1541271639.929562
2.592576265335083,1541271642.5221384
2.319188117980957,1541271644.8413265
1.98996901512146,1541271646.8312955
1.7601070404052734,1541271648.5914025
2.2377126216888428,1541271650.8291152
2.699754476547241,1541271653.5288696
2.148623466491699,1541271655.677493
1.3902051448822021,1541271657.0676982
1.1506643295288086,1541271658.2183626
1.8473236560821533,1541271660.0656862
2.4747867584228516,1541271662.540473
1.8788788318634033,1541271664.4193518
1.3178606033325195,1541271665.7372124
1.1768670082092285,1541271666.9140794
0.8564188480377197,1541271667.7704983
1.0190002918243408,1541271668.7894986
1.0174429416656494,1541271669.8069415
0.8865094184875488,1541271670.693451
0.9696323871612549,1541271671.6630833
1.0317120552062988,1541271672.6947954
3.7068545818328857,1541271676.40165
1.0052175521850586,1541271677.4068675
1.3648381233215332,1541271678.7717056
2.0109806060791016,1541271680.7826862
1.2718827724456787,1541271682.054569
0.749434232711792,1541271682.8040032
0.672137975692749,1541271683.4761412
0.8310441970825195,1541271684.3071854
0.6904964447021484,1541271684.9976819
0.7242112159729004,1541271685.721893
2.1166975498199463,1541271687.8385906
3.6892247200012207,1541271691.5278153
0.9903771877288818,1541271692.5181925
0.8415360450744629,1541271693.3597286
0.8801453113555908,1541271694.239874
0.9483134746551514,1541271695.1881874
0.7967777252197266,1541271695.984965
1.4027793407440186,1541271697.3877444
0.8104503154754639,1541271698.1981947
0.8336992263793945,1541271699.031894
2.224782705307007,1541271701.2566767
0.7394201755523682,1541271701.9960968
0.6916098594665527,1541271702.6877067
0.6556119918823242,1541271703.3433187
0.7100381851196289,1541271704.053357
0.7490074634552002,1541271704.8023643
0.8164925575256348,1541271705.618857
0.7061631679534912,1541271706.32502
0.8959410190582275,1541271707.220961
0.6941318511962891,1541271707.915093
1.9628667831420898,1541271709.8779597
0.6749751567840576,1541271710.552935
0.6453003883361816,1541271711.1982353
0.6792500019073486,1541271711.8774853
0.6377077102661133,1541271712.515193
0.7020652294158936,1541271713.2172582
0.6641497611999512,1541271713.881408
0.9669802188873291,1541271714.8483882
1.5310003757476807,1541271716.3793886
0.8115153312683105,1541271717.190904
2.553709030151367,1541271719.744613
0.6729896068572998,1541271720.4176025
0.6656942367553711,1541271721.0832968
0.6672775745391846,1541271721.7505744
0.6389458179473877,1541271722.3895202
0.8541445732116699,1541271723.2436647
0.6904566287994385,1541271723.9341214
0.5709428787231445,1541271724.5050642
0.8852181434631348,1541271725.3902824
0.8673229217529297,1541271726.2576053
1.7880768775939941,1541271728.0456822
0.8139433860778809,1541271728.8596256
0.8542826175689697,1541271729.7139082
0.9979236125946045,1541271730.7118318
1.1089518070220947,1541271731.8207836
0.7085871696472168,1541271732.5293708
2.1435017585754395,1541271734.6728725
1.4150481224060059,1541271736.0879207
1.1226139068603516,1541271737.2105346
0.8615267276763916,1541271738.0720613
2.534311294555664,1541271740.6063726
0.628469705581665,1541271741.2348423
0.7024834156036377,1541271741.9373257
1.6281099319458008,1541271743.5654356
1.2305872440338135,1541271744.796023
0.8143234252929688,1541271745.6103463
1.6093189716339111,1541271747.2196653
1.430011510848999,1541271748.6496768
0.7677478790283203,1541271749.4174247
0.6169147491455078,1541271750.0343394
1.6808781623840332,1541271751.7152176
0.6331133842468262,1541271752.348331
0.6056573390960693,1541271752.9539883
0.8279643058776855,1541271753.7819526
0.7872309684753418,1541271754.5691836
1.127399206161499,1541271755.6965828
0.7566273212432861,1541271756.45321
0.7728288173675537,1541271757.226039
0.6531596183776855,1541271757.8791986
0.5862579345703125,1541271758.4654565
2.5912137031555176,1541271761.0566702
7.530345439910889,1541271768.5870156
0.8129622936248779,1541271769.399978
0.6850566864013672,1541271770.0850346
2.3585166931152344,1541271772.4435513
1.1298015117645264,1541271773.5733528
0.6822025775909424,1541271774.2555554
0.6108367443084717,1541271774.8663921
0.6347272396087646,1541271775.5011194
0.6753008365631104,1541271776.1764202
2.1514663696289062,1541271778.3278866
0.8122339248657227,1541271779.1401205
0.9291298389434814,1541271780.0692503
1.24937105178833,1541271781.3186214
2.6679792404174805,1541271783.9866006
0.8596925735473633,1541271784.8462932
5.751394748687744,1551461147.497772
3.9858627319335938,1551461151.4836347
6.546765089035034,1551461158.0303998
1.6572659015655518,1551461159.6876657
1.7342641353607178,1551461161.4219298
1.781618595123291,1551461163.2035484
3.5794787406921387,1551461166.7830272
3.328885316848755,1551461170.1119125
2.5479302406311035,1551461172.6598427
5.531764507293701,1551461178.1916072
4.758326292037964,1551472831.084251
3.8379409313201904,1551472834.9221919
1.2565641403198242,1551472836.178756
1.3093218803405762,1551472837.4880779
5.68329930305481,1551472843.1713772
2.1249794960021973,1551472845.2963567
3.129920482635498,1551472848.4262772
1.4653444290161133,1551472849.8916216
1.949512004852295,1551472851.8411336
4.179663896560669,1551472856.0207975
