3.7117018699645996,1540687145.5973725
54.68268918991089,1540687200.2800617
1.4179158210754395,1540687201.6979775
1.514281988143921,1540687203.2122595
0.7760956287384033,1540687203.9883552
2.0655229091644287,1540687206.053878
0.97613525390625,1540687207.0300133
0.7309253215789795,1540687207.7609386
0.7176752090454102,1540687208.4786139
0.7353475093841553,1540687209.2139614
16.372755765914917,1541270897.3429277
1.6029796600341797,1541270898.9459074
8.865967988967896,1541270907.8118753
3.003755807876587,1541270910.8156312
1.6963467597961426,1541270912.511978
3.214053153991699,1541270915.726031
2.0790674686431885,1541270917.8050985
0.9563438892364502,1541270918.7614424
0.929368257522583,1541270919.6908107
1.9021899700164795,1541270921.5930007
2.3040554523468018,1541270923.897056
3.6011664867401123,1541270927.4982226
0.879817008972168,1541270928.3780396
8.445984363555908,1541270936.824024
0.942157506942749,1541270937.7661815
0.8271822929382324,1541270938.5933638
0.7961521148681641,1541270939.3895159
3.2198314666748047,1541270942.6093473
0.7148880958557129,1541270943.3242354
0.7420494556427002,1541270944.066285
2.6255149841308594,1541270946.6917999
0.8098602294921875,1541270947.50166
1.3325753211975098,1541270948.8342354
0.8527734279632568,1541270949.6870089
1.1487650871276855,1541270950.835774
1.1822850704193115,1541270952.018059
1.7329635620117188,1541270953.7510226
3.1799068450927734,1541270956.9309294
1.4585647583007812,1541270958.3894942
6.6620848178863525,1541270965.051579
5.382549524307251,1541270970.4341285
3.5706560611724854,1541270974.0047846
6.517279386520386,1541270980.522064
6.828666687011719,1541270987.3507307
2.56650710105896,1541270989.9172378
8.236461162567139,1551462541.3081503
1.1255691051483154,1551462542.4337194
3.1576647758483887,1551462545.5913842
2.2194151878356934,1551462547.8107994
1.0782389640808105,1551462548.8890383
0.7975549697875977,1551462549.6865933
1.8909120559692383,1551462551.5775054
1.344078779220581,1551462552.9215841
1.2506749629974365,1551462554.172259
5.595542907714844,1551462559.767802
2.547879695892334,1551462562.3156817
6.126311540603638,1551462568.4419932
1.6570868492126465,1551462570.09908
1.09381103515625,1551462571.1928911
1.1102123260498047,1551462572.3031034
1.031353235244751,1551462573.3344567
1.6568946838378906,1551462574.9913514
2.3608765602111816,1551462577.352228
1.7819957733154297,1551462579.1342237
2.001132011413574,1551462581.1353557
2.5786116123199463,1551462583.7139673
1.2352149486541748,1551462584.9491823
1.4377107620239258,1551462586.386893
3.688772678375244,1551462590.0756657
3.4229445457458496,1551462593.4986103
2.438176393508911,1551462595.9367867
1.0163424015045166,1551462596.953129
1.1406757831573486,1551462598.0938048
0.9223232269287109,1551462599.016128
0.8595263957977295,1551462599.8756545
